1	518	0.00
5001	66854	0.09
10001	135342	0.19
15001	140342	0.21
20001	145342	0.23
25001	150342	0.24
30001	155342	0.26
35001	160342	0.27
40001	165342	0.29
45001	170342	0.30
50001	175342	0.32
55001	180342	0.33
60001	185342	0.36
65001	190342	0.37
70001	195342	0.39
75001	200342	0.40
80001	205342	0.42
85001	210342	0.42
90001	215342	0.46
95001	220342	0.46
100001	225342	0.49
105001	230342	0.52
110001	235342	0.51
115001	240342	0.55
120001	245342	0.56
125001	250342	0.56
130001	255342	0.61
135001	260342	0.59
140001	265342	0.63
145001	270342	0.65
150001	275342	0.66
155001	280342	0.66
160001	285342	0.69
165001	290342	0.68
170001	295342	0.71
175001	300342	0.76
180001	305342	0.77
185001	310342	0.86
190001	315342	0.88
195001	320342	0.93
200001	325342	0.91
205001	330342	1.29
210001	335342	1.03
215001	340342	0.91
220001	345342	0.91
225001	350342	0.90
230001	355342	0.90
235001	360342	0.97
240001	365342	0.96
245001	370342	0.98
250001	375342	1.02
255001	380342	1.06
260001	385342	1.04
265001	390342	1.09
270001	395342	1.06
275001	400342	1.10
280001	405342	1.11
285001	410342	1.17
290001	415342	1.14
295001	420342	1.17
300001	425342	1.22
305001	430342	1.18
310001	435342	1.24
315001	440342	1.19
320001	445342	1.22
325001	450342	1.26
330001	455342	1.27
335001	460342	1.28
340001	465342	1.30
345001	470342	1.32
350001	475342	1.32
355001	480342	1.36
360001	485342	1.34
365001	490342	1.36
370001	495342	1.41
375001	500342	1.44
380001	505342	1.44
385001	510342	1.44
390001	515342	1.46
395001	520342	1.46
400001	525342	1.47
405001	530342	1.54
410001	535342	1.55
415001	540342	1.56
420001	545342	1.56
425001	550342	1.56
430001	555342	1.66
435001	560342	1.60
440001	565342	1.58
445001	570342	1.65
450001	575342	1.70
455001	580342	1.67
460001	585342	1.73
465001	590342	1.77
470001	595342	1.71
475001	600342	1.71
480001	605342	1.75
485001	610342	1.77
490001	615342	1.84
495001	620342	1.80
500001	625342	1.81
505001	630342	2.09
510001	635342	1.85
515001	640342	2.26
520001	645342	2.02
525001	650342	2.10
530001	655342	2.18
535001	660342	2.28
540001	665342	2.16
545001	670342	2.08
550001	675342	2.04
555001	680342	2.33
560001	685342	2.31
565001	690342	2.57
570001	695342	2.05
575001	700342	2.11
580001	705342	2.28
585001	710342	2.34
590001	715342	2.30
595001	720342	2.12
600001	725342	2.13
605001	730342	2.15
610001	735342	2.18
615001	740342	2.16
620001	745342	2.20
625001	750342	2.23
630001	755342	2.25
635001	760342	2.24
640001	765342	2.31
645001	770342	2.29
650001	775342	2.28
655001	780342	2.27
660001	785342	2.31
665001	790342	2.33
670001	795342	2.35
675001	800342	2.38
680001	805342	2.38
685001	810342	2.42
690001	815342	2.43
695001	820342	2.42
700001	825342	2.48
705001	830342	2.46
710001	835342	2.46
715001	840342	2.50
720001	845342	2.57
725001	850342	2.52
730001	855342	2.54
735001	860342	2.56
740001	865342	2.58
745001	870342	2.60
750001	875342	2.60
755001	880342	2.60
760001	885342	2.66
765001	890342	2.63
770001	895342	2.67
775001	900342	2.84
780001	905342	2.80
785001	910342	2.76
790001	915342	2.87
795001	920342	2.85
800001	925342	2.91
805001	930342	2.85
810001	935342	2.82
815001	940342	2.88
820001	945342	2.98
825001	950342	2.99
830001	955342	2.97
835001	960342	2.93
840001	965342	3.03
845001	970342	2.99
850001	975342	3.00
855001	980342	3.00
860001	985342	3.11
865001	990342	3.17
870001	995342	3.03
875001	1000342	3.03
880001	1005342	3.05
885001	1010342	3.10
890001	1015342	3.10
895001	1020342	3.18
900001	1025342	3.26
905001	1030342	3.17
910001	1035342	3.27
915001	1040342	3.21
920001	1045342	3.20
925001	1050342	3.22
930001	1055342	3.26
935001	1060342	3.29
940001	1065342	3.27
945001	1070342	3.25
950001	1075342	3.30
955001	1080342	3.35
960001	1085342	3.32
965001	1090342	3.31
970001	1095342	3.32
975001	1100342	3.33
980001	1105342	3.36
985001	1110342	3.39
990001	1115342	3.37
995001	1120342	3.38
1000001	1125342	3.43
